start,end,pred,prob
2025-03-01 14:29:58.995,2025-03-01 14:29:53.894,0,0.99781346
