start,end,pred,prob
2024-10-15 07:36:33.986,2024-10-15 07:36:28.556,1,0.99997044
